D, Harumachi Clover (Swing Arrangement) [Dictate Edit], 170, 8, 5, 150
C, 60, 40, 12, 1, 255, 0, 0, 150
C, 40, 60, 20, 2, 255, 0, 0, 150
C, 40, 60, 28, 1, 255, 0, 0, 150
C, 60, 40, 32, 2, 255, 0, 0, 150
C, 40, 40, 35, 1, 255, 0, 0, 150
S, 41, 41, 5, H, 36, 2, 2, 255, 0, 0, 150
S, 50, 50, 5, V, 40, 2, 2, 255, 0, 0, 150
S, 60, 60, 5, H, 44, 2, 1, 255, 0, 0, 150
S, 70, 70, 5, H, 48, 2, 2, 255, 0, 0, 150
S, 40, 40, 5, V, 52, 2, 1, 255, 0, 0, 150
S, 30, 50, 5, V, 56, 2, 2, 255, 0, 0, 150
S, 20, 60, 5, H, 60, 2, 1, 255, 0, 0, 150
C, 40, 40, 64, 1, 255, 0, 0, 150
S, 41, 41, 10, H, 66, 4, 2, 255, 0, 0, 150
C, 60, 40, 72, 1, 255, 0, 0, 150
C, 70, 50, 75, 1, 255, 0, 0, 150
S, 71, 51, 5, V, 76, 2, 2, 255, 0, 0, 150
S, 60, 50, 5, V, 80, 2, 3, 255, 0, 0, 150
S, 40, 40, 5, V, 84, 2, 4, 255, 0, 0, 150
S, 50, 40, 5, H, 88, 2, 5, 255, 0, 0, 150
S, 60, 50, 5, H, 92, 2, 1, 255, 0, 0, 150
C, 40, 40, 96, 1, 255, 0, 0, 150
S, 41, 41, 10, H, 98, 4, 2, 255, 0, 0, 150
C, 60, 40, 104, 1, 255, 0, 0, 150
C, 30, 30, 107, 1, 255, 0, 0, 150
S, 31, 31, 5, V, 108, 2, 2, 255, 0, 0, 150
S, 50, 30, 5, H, 112, 2, 3, 255, 0, 0, 150
S, 60, 40, 5, V, 116, 2, 4, 255, 0, 0, 150
S, 50, 50, 5, V, 120, 2, 5, 255, 0, 0, 150
S, 30, 60, 5, H, 124, 2, 1, 255, 0, 0, 150
S, 30, 50, 5, H, 128, 2, 2, 255, 0, 0, 150
S, 40, 40, 5, V, 132, 2, 3, 255, 0, 0, 150
S, 50, 40, 5, V, 136, 2, 4, 255, 0, 0, 150
S, 20, 30, 5, H, 140, 2, 1, 255, 0, 0, 150
C, 30, 30, 144, 2, 255, 0, 0, 150
S, 31, 31, 10, V, 146, 4, 3, 255, 0, 0, 150
C, 40, 60, 152, 4, 255, 0, 0, 150
S, 41, 61, 10, V, 154, 4, 1, 255, 0, 0, 150
S, 70, 50, 5, V, 160, 2, 2, 255, 0, 0, 150
S, 80, 50, 5, V, 164, 2, 3, 255, 0, 0, 150
C, 70, 60, 168, 4, 255, 0, 0, 150
C, 71, 61, 169, 5, 255, 0, 0, 150
C, 72, 62, 170, 6, 255, 0, 0, 150
C, 45, 25, 172, 1, 255, 0, 0, 150
C, 40, 45, 174, 2, 255, 0, 0, 150
C, 35, 20, 176, 1, 255, 0, 0, 150
C, 40, 40, 178, 2, 255, 0, 0, 150
C, 50, 18, 180, 1, 255, 0, 0, 150
C, 38, 38, 182, 2, 255, 0, 0, 150
C, 50, 25, 184, 1, 255, 0, 0, 150
C, 33, 20, 186, 2, 255, 0, 0, 150
S, 50, 40, 5, H, 188, 2, 1, 255, 0, 0, 150
C, 40, 60, 192, 1, 255, 0, 0, 150
C, 60, 40, 194, 2, 255, 0, 0, 150
S, 30, 50, 5, H, 196, 2, 1, 255, 0, 0, 150
S, 50, 45, 5, H, 200, 2, 2, 255, 0, 0, 150
C, 30, 30, 204, 1, 255, 0, 0, 150
C, 35, 50, 206, 2, 255, 0, 0, 150
C, 40, 25, 208, 1, 255, 0, 0, 150
C, 33, 45, 210, 2, 255, 0, 0, 150
C, 60, 40, 212, 1, 255, 0, 0, 150
C, 40, 30, 214, 2, 255, 0, 0, 150
C, 65, 70, 216, 1, 255, 0, 0, 150
C, 60, 50, 218, 2, 255, 0, 0, 150
S, 70, 58, 5, V, 220, 2, 1, 255, 0, 0, 150
C, 45, 30, 224, 1, 255, 0, 0, 150
C, 60, 65, 226, 2, 255, 0, 0, 150
S, 55, 15, 5, V, 228, 2, 1, 255, 0, 0, 150
S, 45, 70, 5, V, 232, 2, 2, 255, 0, 0, 150
C, 25, 20, 236, 1, 255, 0, 0, 150
C, 35, 35, 238, 2, 255, 0, 0, 150
C, 38, 15, 240, 1, 255, 0, 0, 150
C, 22, 25, 242, 2, 255, 0, 0, 150
C, 43, 20, 244, 1, 255, 0, 0, 150
C, 23, 15, 246, 2, 255, 0, 0, 150
C, 32, 58, 248, 1, 255, 0, 0, 150
C, 53, 35, 250, 2, 255, 0, 0, 150
C, 30, 60, 252, 1, 255, 0, 0, 150
C, 56, 55, 254, 2, 255, 0, 0, 150
C, 28, 50, 256, 1, 255, 0, 0, 150
C, 53, 36, 258, 2, 255, 0, 0, 150
C, 37, 55, 260, 1, 255, 0, 0, 150
C, 50, 28, 262, 2, 255, 0, 0, 150
C, 55, 50, 264, 1, 255, 0, 0, 150
C, 45, 25, 266, 2, 255, 0, 0, 150
S, 60, 40, 5, V, 268, 4, 1, 255, 0, 0, 150
S, 35, 20, 5, V, 274, 4, 2, 255, 0, 0, 150
C, 55, 25, 280, 1, 255, 0, 0, 150
S, 20, 70, 5, H, 282, 4, 1, 255, 0, 0, 150
C, 60, 80, 288, 2, 255, 0, 0, 150
C, 30, 50, 290, 3, 255, 0, 0, 150
C, 31, 51, 294, 1, 255, 0, 0, 150
S, 32, 52, 5, H, 298, 2, 2, 255, 0, 0, 150
C, 60, 60, 300, 1, 255, 0, 0, 150
C, 50, 35, 302, 2, 255, 0, 0, 150
C, 55, 58, 304, 1, 255, 0, 0, 150
C, 58, 38, 306, 2, 255, 0, 0, 150
C, 65, 70, 308, 1, 255, 0, 0, 150
C, 40, 50, 310, 2, 255, 0, 0, 150
C, 70, 48, 312, 1, 255, 0, 0, 150
C, 38, 69, 314, 2, 255, 0, 0, 150
C, 75, 35, 316, 1, 255, 0, 0, 150
C, 60, 75, 318, 2, 255, 0, 0, 150
C, 45, 30, 320, 1, 255, 0, 0, 150
C, 65, 65, 322, 2, 255, 0, 0, 150
C, 55, 25, 324, 1, 255, 0, 0, 150
C, 40, 60, 326, 2, 255, 0, 0, 150
C, 30, 20, 328, 1, 255, 0, 0, 150
C, 60, 50, 330, 2, 255, 0, 0, 150
S, 25, 25, 5, V, 332, 4, 1, 255, 0, 0, 150
S, 60, 60, 5, H, 338, 4, 2, 255, 0, 0, 150
C, 50, 30, 344, 1, 255, 0, 0, 150




